00000000000000000000000000000000000000000000000000000000000000000000000000000000
00000000000000000000000000000000000000000000000000000000000000000000000000000000
00000000000000000000000000000000000000000000000000000000000000000000000000000000
00000000000000000000000000000010000000000001000000000000000000000000000000000000
00000000000000000000000000000101000000000010100000000000000000000000000000000000
00000000000000000000000000001101100000000110110000000000000000000000000000000000
00000000000000000000000000001100000000000000110000000000000000000000000000000000
00000000000000000000000000000010000000000001000000000000000000000000000000000000
00000000000000000000000000000011110000001111000000000000000000000000000000000000
00000000000000000000000000000010011000011001000000000000000000000000000000000000
00000000000000000000000000000001100100100110000000000000000000000000000000000000
00000000000000000000000000000000110111101100000000000000000000000000000000000000
00000000000000000000000000000000010100101000000000000000000000000000000000000000
00000000000000000000000000000000001000010000000000000000000000000000000000000000
00000000000000000000000000000000000000000000000000000000000000000000000000000000
00000000000000000000000000000000010000001000000000000000000000000000000000000000
00000000000000000000000000000001101100110110000000000000000000000000000000000000
00000000000000000000000000000000100000000100000000000000000000000000000000000000
00000000000000000000000000000000110000001100000000000000000000000000000000000000
00000000000000000000000000000000000000000000000000000000000000000000000000000000
00000000000000000000000000000000000000000000000000000000000000000000000000000000
00000000000000000000000000000000000000000000000000000000000000000000000000000000
00000000000000000000000000000000000000000000000000000000000000000000000000000000
00000000000000000000000000000000000000000000000000000000000000000000000000000000
00000000000000000000000000000000000000000000000000000000000000000000000000000000