00000000000000000000000000000000000000000000000000000000000000000000000000000000
00000000000000000000000000000000000000000000000000000000000000000000000000000000
00000000000000000000000000000000000000000000000000000000000000000000000000000000
00000000000000000000000000000000000000000000000000000000000000000000000000000000
00000000000000000000000000000000000000000000000000000000000000000000000000000000
00000000000000000000000000000000000000000000000000000000000000000000000110000010
00000000000000000000000000000000000000000000000000000000000000000000011000000010
00000000000000000000000000000000000000000000000000000000000000000000011010011010
00000000000000000000000000000000000000000000000000000000000000000000000000010000
00000000000000000000000000000000000000000000000000000000000000000000001101000010
00000000000000000000000000000000000000000000000000000000000000000000001100111000
00000000000000000000000000000000000000000000000000000000000000000000000010000001
00000000000000000000000000000000000000000000000000000000000000000000000011111101
00000000000000000000000000000000000000000000000000000000000000000000000000000000
00000000000000000000000000000000000000000000000000000000000000000000000011111101
00000000000000000000000000000000000000000000000000000000000000000000000010000001
00000000000000000000000000000000000000000000000000000000000000000000001100111000
00000000000000000000000000000000000000000000000000000000000000000000001101000010
00000000000000000000000000000000000000000000000000000000000000000000000000010000
00000000000000000000000000000000000000000000000000000000000000000000011010011010
00000000000000000000000000000000000000000000000000000000000000000000011000000010
00000000000000000000000000000000000000000000000000000000000000000000000110000010
00000000000000000000000000000000000000000000000000000000000000000000000000000000
00000000000000000000000000000000000000000000000000000000000000000000000000000000
00000000000000000000000000000000000000000000000000000000000000000000000000000000