00000000000000000000000000000000000000000000000000000000000000000000000000000000
00000000000000000000000000000000000000000000000000000000000000000000000000000000
00000000000000000000000000000000000000000000000000000000000000000000000000000000
00000000000000000000000000000000000000000000000000000000000000000000000000000000
00000000000000000000000000000000000000000000000000000000000000000000000000000000
00000000000000000000000000000000000000000000000000000000000000000000000000000000
00000000000000000000000000000000000000000000000000000000000000000000000000000000
00000000000000000000000000000000000000000000000000000000000000000000000000000000
00000000000000000000000000000000000000000000000000000000000000000000000000000000
00000000000000000000000000000000000000000000000000000000000000000000000000000000
00000000000000000000000000000000000000000000000000000000000000000000000000000000
00000000000000000000000000000000000000000000000000000000000000000000000000000000
00000000000000000000000000000000000000000000000000000000000000000000000000000000
00000000000000000000000000000000000000000000000000000000000000000000000000000000
00000000000000000000000001100000000000000000000000000000000000000000000000000000
00000011000000000000000001000000000000000000000000000000000000000000000000000000
00000011000000000000000000111000000000000000000000000000000000000000000000000000
00000010100000000000000000001000000000000000000000000000000000000000000000000000
00000011110000000000000000000000000000000000000000000000000000000000000000000000
00000010100000000000000000000000000000000000000000000000000000000000000000000000
00000011100000000000000000000000000000000000000000000000000000000000000000000000
00000001100000000000000000000000000000000000000000000000000000000000000000000000
00000011000000000000000000000000000000000000000000000000000000000000000000000000
00000011100000000000000000000000000000000000000000000000000000000000000000000000
00000000000000000000000000000000000000000000000000000000000000000000000000000000